2nd results from SONG

nu      error  l
706.480 0.149  1
731.235 0.162  2
737.197 0.131  0
766.228 0.122  1
795.731 0.196  2
800.832 0.105  0
824.458 0.129  1
858.656 0.075  2
864.823 0.131  0
903.838 0.118  1
923.138 0.090  2
928.629 0.059  0
958.808 0.086  1
986.359 0.193  2
991.178 0.102  0
1020.382 0.071  1
1049.380 0.092  2
1054.932 0.050  0
1075.203 0.095  3
1083.671 0.063  1
1113.269 0.126  2
1118.884 0.075  0
1139.515 0.137  3
1147.361 0.052  1
1178.843 0.077  2
1183.528 0.088  0
1203.920 0.110  3
1211.222 0.063  1
1242.707 0.098  2
1247.894 0.040  0
1268.465 0.065  3
1275.059 0.053  1
1307.074 0.108  2
1311.803 0.117  0
1333.213 0.132  3
1339.662 0.089  1
1371.979 0.166  2
1376.604 0.152  0
1399.365 0.245  3
1404.184 0.125  1
1436.985 0.212  2
1441.586 0.126  0
1467.641 0.240  1
1503.169 0.243  2
1507.494 0.236  0
1533.199 0.135  1